1 1 246 165 102
1 2 192 198 257
1 3 188 101 98
1 4 266 168 190
2 1 88 182 227
2 2 261 255 273
2 3 92 127 151
2 4 209 161 156
3 1 82 99 90
3 2 215 262 247
3 3 160 99 80
3 4 215 182 232
4 1 92 97 120
4 2 238 244 247
4 3 123 160 186
4 4 216 254 185
5 1 160 100 107
5 2 259 238 236
5 3 255 208 177
5 4 258 159 278
6 1 159 212 203
6 2 247 223 270
6 3 222 218 219
6 4 184 212 235
7 1 86 99 97
7 2 263 232 255
7 3 168 295 142
7 4 223 204 176
8 1 101 84 84
8 2 238 280 218
8 3 168 128 116
8 4 149 238 215
9 1 193 281 239
9 2 233 261 255
9 3 103 120 88
9 4 194 191 197
10 1 81 98 212
10 2 266 256 269
10 3 194 149 155
10 4 221 165 188
11 1 95 146 165
11 2 263 259 223
11 3 194 242 139
11 4 155 222 221
12 1 90 211 114
12 2 242 207 218
12 3 182 143 142
12 4 190 132 210
13 1 89 103 91
13 2 266 249 266
13 3 199 129 185
13 4 199 153 218
14 1 181 110 87
14 2 249 289 246
14 3 140 148 84
14 4 156 227 193
15 1 211 262 126
15 2 258 238 257
15 3 174 165 167
15 4 258 195 193
16 1 132 105 98
16 2 254 268 256
16 3 123 146 97
16 4 199 188 262
17 1 84 123 82
17 2 246 249 242
17 3 146 199 100
17 4 206 200 227
18 1 178 83 85
18 2 232 251 225
18 3 180 110 224
18 4 241 141 238
19 1 93 207 81
19 2 256 235 244
19 3 106 125 97
19 4 178 225 167
20 1 90 88 83
20 2 213 248 213
20 3 206 242 182
20 4 189 264 263
21 1 94 82 102
21 2 231 234 236
21 3 296 173 146
21 4 178 164 209
22 1 111 92 178
22 2 252 240 249
22 3 101 217 194
22 4 194 175 233
23 1 191 87 149
23 2 260 273 270
23 3 212 80 110
23 4 203 281 202
24 1 90 173 103
24 2 272 256 239
24 3 144 190 184
24 4 133 225 169
25 1 178 80 111
25 2 232 218 235
25 3 205 151 154
25 4 216 193 179
26 1 128 87 87
26 2 269 251 236
26 3 179 90 120
26 4 181 140 169
27 1 194 89 156
27 2 280 281 243
27 3 132 134 168
27 4 271 272 186
28 1 125 102 97
28 2 252 233 271
28 3 93 103 91
28 4 163 174 272
29 1 128 256 129
29 2 239 258 258
29 3 167 170 107
29 4 183 216 135
30 1 173 265 111
30 2 247 238 241
30 3 210 187 106
30 4 210 167 212
31 1 201 156 82
31 2 231 253 259
31 3 205 172 180
31 4 202 219 185
32 1 94 247 100
32 2 249 249 241
32 3 201 168 113
32 4 172 150 214
33 1 160 102 99
33 2 242 252 243
33 3 162 148 152
33 4 190 239 200